Planet;Mass;Rad;MM;fc;fp;Phimag;Phikin;PhiCME
 ;jovMass; ; ;MHz;MHz;mJy;mJy;mJy
-----------------;----;----;----;-----;----;------;----;-----
14 Her b         ; 5.4; 1.1; 3.7; 68.5; 0.0;   0.0; 0.0;  0.0
16 Cyg B b       ; 1.9; 1.1; 1.9; 34.9; 0.0;   0.0; 0.0;  0.0
47 Uma b         ; 3.0; 1.1; 2.6; 46.6; 0.0;   0.0; 0.0;  0.0
47 Uma c         ; 1.5; 1.1; 1.6; 30.2; 0.0;   0.0; 0.0;  0.0
51 Peg b         ; 0.5; 1.0; 0.1;  2.0; 0.4; 192.6; 0.2; 24.4
55 Cnc b         ; 0.9; 1.1; 0.9; 18.9; 0.2;   2.4; 0.1;  3.0
55 Cnc b         ; 0.9; 1.1; 0.2;  3.2; 0.2;   4.3; 0.2;  5.5
55 Cnc c         ; 0.3; 0.8; 0.2;  7.8; 0.2;   0.7; 0.1;  1.8
55 Cnc c         ; 0.3; 0.8; 0.0;  0.7; 0.2;   1.5; 0.2;  3.9
55 Cnc d         ; 4.5; 1.1; 3.4; 61.4; 0.0;   0.0; 0.0;  0.0
70 Vir b         ; 8.6; 1.1; 4.5; 93.0; 0.1;   0.0; 0.0;  0.1
Epsilon Eridani b; 1.8; 1.1; 1.8; 33.2; 0.1;   2.9;16.2;  0.6
Gamma Cephei b   ; 1.8; 1.1; 1.8; 33.5; 0.0;   0.0; 0.0;  0.0
GJ 3021 b        ; 3.8; 1.1; 3.1; 54.5; 0.6;   0.4; 5.3;  0.3
GJ 436 b         ; 0.1; 0.6; 0.0;  0.6; 0.4;5319.7; 0.1;140.5
Gj 849 b         ; 0.9; 1.0; 1.0; 21.8; 0.0;   0.0; 0.0;  0.0
Gl 581 b         ; 0.1; 0.6; 0.0;  0.4; 0.2;1122.9; 0.5;115.8
Gl 86 b          ; 4.6; 1.1; 3.5; 61.0; 0.4;   1.6; 1.2;  3.8
Gl 86 b          ; 4.6; 1.1; 0.6;  9.9; 0.4;   3.0; 2.1;  7.1
Gliese 876 b     ; 2.2; 1.1; 2.1; 38.2; 0.0;   0.0; 0.0;  6.3
Gliese 876 c     ; 0.6; 1.0; 0.6; 16.4; 0.0;  20.1; 0.1; 30.0
Gliese 876 c     ; 0.6; 1.0; 0.1;  1.9; 0.0;  41.3; 0.1; 61.7
HAT--P-1 b       ; 0.5; 1.4; 0.0;  0.1; 0.7;  12.7; 0.0;  1.7
HD 101930 b      ; 0.3; 0.9; 0.3; 10.6; 0.1;   0.0; 0.0;  0.1
HD 101930 b      ; 0.3; 0.9; 0.0;  0.8; 0.1;   0.0; 0.0;  0.2
HD 102117 b      ; 0.2; 0.8; 0.1;  6.2; 0.1;   0.1; 0.0;  0.2
HD 102117 b      ; 0.2; 0.8; 0.0;  0.8; 0.1;   0.2; 0.0;  0.3
HD 102195 b      ; 0.6; 1.0; 0.1;  2.2; 0.6;  91.3; 0.1;  7.6
HD 104985 b      ; 7.3; 1.1; 4.3; 83.0; 0.1;   0.0; 0.0;  0.0
HD 106252 b      ; 7.9; 1.1; 4.3; 88.4; 0.0;   0.0; 0.0;  0.0
HD 10647 b       ; 1.1; 1.0; 1.1; 23.0; 0.0;   0.0; 0.0;  0.0
HD 10697 b       ; 7.1; 1.1; 4.2; 82.2; 0.0;   0.0; 0.0;  0.0
HD 107148 b      ; 0.2; 0.8; 0.2;  7.5; 0.1;   0.0; 0.0;  0.0
HD 107148 b      ; 0.2; 0.8; 0.0;  0.6; 0.1;   0.0; 0.0;  0.1
HD 108147 b      ; 0.5; 1.0; 0.0;  0.9; 1.7;  37.1; 1.1;  4.2
HD 108874 b      ; 1.6; 1.1; 1.6; 30.1; 0.0;   0.0; 0.0;  0.0
HD 108874 c      ; 1.2; 1.0; 1.2; 24.9; 0.0;   0.0; 0.0;  0.0
HD 109749 b      ; 0.3; 0.9; 0.0;  1.0; 0.6;   6.1; 0.0;  1.1
HD 111232 b      ; 7.9; 1.1; 4.3; 88.3; 0.0;   0.0; 0.0;  0.0
HD 114386 b      ; 1.1; 1.0; 1.2; 24.4; 0.0;   0.0; 0.0;  0.0
HD 114729 b      ; 0.9; 1.0; 1.0; 21.5; 0.0;   0.0; 0.0;  0.0
HD 114762 b      ;12.7; 1.0; 5.1;121.7; 0.0;   0.0; 0.0;  0.1
HD 114783 b      ; 1.1; 1.0; 1.2; 24.3; 0.0;   0.0; 0.0;  0.0
HD 117207 b      ; 2.4; 1.1; 2.2; 40.1; 0.0;   0.0; 0.0;  0.0
HD 117618 b      ; 0.2; 0.8; 0.2;  7.2; 0.2;   0.0; 0.0;  0.1
HD 117618 b      ; 0.2; 0.8; 0.0;  0.6; 0.2;   0.0; 0.0;  0.3
HD 118203 b      ; 2.5; 1.2; 0.3;  4.7; 0.9;   8.0; 0.0;  0.8
HD 11964 b       ; 0.1; 0.7; 0.1;  4.4; 0.1;   0.0; 0.0;  0.1
HD 11964 b       ; 0.1; 0.7; 0.0;  0.4; 0.1;   0.0; 0.0;  0.3
HD 11977 b       ; 7.6; 1.1; 4.3; 85.4; 0.0;   0.0; 0.0;  0.0
HD 121504 b      ; 1.0; 1.0; 1.1; 21.9; 0.2;   0.0; 0.1;  0.0
HD 121504 b      ; 1.0; 1.0; 0.1;  1.8; 0.2;   0.0; 0.2;  0.1
HD 122430 b      ; 4.3; 1.1; 3.3; 58.6; 0.1;   0.0; 0.0;  0.0
HD 12661 b       ; 2.7; 1.1; 2.4; 42.7; 0.0;   0.0; 0.0;  0.0
HD 12661 c       ; 1.8; 1.1; 1.8; 33.3; 0.0;   0.0; 0.0;  0.0
HD 128311 b      ; 2.5; 1.1; 2.3; 41.5; 0.2;   0.2; 1.5;  0.0
HD 128311 c      ; 3.7; 1.1; 3.0; 53.7; 0.1;   0.1; 0.7;  0.0
HD 130322 b      ; 1.2; 1.1; 0.1;  2.1; 0.8;   2.2; 1.9;  2.4
HD 13189 b       ;16.2; 1.0; 5.5;141.6; 0.0;   0.0; 0.0;  0.0
HD 134987 b      ; 1.8; 1.1; 1.8; 33.1; 0.0;   0.0; 0.0;  0.0
HD 136118 b      ;13.7; 1.0; 5.1;128.7; 0.0;   0.0; 0.0;  0.0
HD 141937 b      ;11.2; 1.0; 4.9;112.0; 0.0;   0.0; 0.0;  0.0
HD 142 b         ; 1.2; 1.1; 1.2; 24.3; 0.0;   0.0; 0.0;  0.0
HD 142022 A b    ; 5.1; 1.1; 3.6; 66.2; 0.0;   0.0; 0.0;  0.0
HD 142415 b      ; 1.9; 1.1; 1.8; 33.8; 0.1;   0.0; 0.1;  0.0
HD 147513 b      ; 1.2; 1.0; 1.2; 24.5; 0.2;   0.3; 2.1;  0.1
HD 149026 b      ; 0.3; 0.7; 0.1;  4.1; 1.2;   7.5; 0.0;  0.5
HD 149143 b      ; 1.5; 1.1; 0.3;  4.5; 0.8;  11.3; 0.0;  1.3
HD 150706 b      ; 1.2; 1.1; 1.2; 24.4; 0.1;   0.0; 0.2;  0.0
HD 154857 b      ; 2.1; 1.1; 2.0; 36.3; 0.1;   0.0; 0.0;  0.0
HD 160691 b      ; 1.9; 1.1; 1.9; 34.6; 0.0;   0.0; 0.0;  0.0
HD 160691 c      ; 3.6; 1.1; 2.9; 52.5; 0.0;   0.0; 0.0;  0.0
HD 160691 d      ; 0.1; 0.7; 0.0;  0.0; 0.3;  45.0; 0.6; 93.3
HD 160691 e      ; 0.6; 1.0; 0.6; 15.5; 0.0;   0.0; 0.0;  0.0
HD 16141 b       ; 0.3; 0.8; 0.2;  8.5; 0.0;   0.0; 0.0;  0.1
HD 16141 b       ; 0.3; 0.8; 0.0;  0.6; 0.0;   0.0; 0.0;  0.1
HD 162020 b      ;15.9; 1.0; 5.4;140.8; 0.4;   8.7; 0.0;  1.1
HD 162020 b      ;15.9; 1.0; 1.2; 31.2; 0.4;  14.4; 0.0;  1.9
HD 164922 b      ; 0.4; 0.9; 0.4; 12.4; 0.0;   0.0; 0.0;  0.0
HD 168443 b      ; 9.3; 1.0; 4.6; 97.8; 0.1;   0.1; 0.0;  0.2
HD 168443 b      ; 9.3; 1.0; 0.4;  8.2; 0.1;   0.2; 0.0;  0.4
HD 168443 c      ;20.9; 0.9; 5.5;172.8; 0.0;   0.0; 0.0;  0.0
HD 168746 b      ; 0.3; 0.9; 0.0;  0.9; 0.5;  11.9; 0.1;  2.1
HD 169830 b      ; 3.3; 1.1; 2.9; 49.3; 0.1;   0.0; 0.0;  0.0
HD 169830 c      ; 4.7; 1.1; 3.4; 62.4; 0.0;   0.0; 0.0;  0.0
HD 177830 b      ; 1.5; 1.1; 1.5; 28.7; 0.0;   0.0; 0.0;  0.0
HD 178911 B b    ; 7.3; 1.1; 4.2; 83.2; 0.1;   0.0; 0.0;  0.0
HD 179949 b      ; 1.1; 1.1; 0.3;  4.1; 2.1; 144.9; 1.9; 10.2
HD 183263 b      ; 4.3; 1.1; 3.3; 58.6; 0.0;   0.0; 0.0;  0.0
HD 185269 b      ; 1.1; 1.1; 0.1;  2.4; 0.8;  20.0; 0.1;  2.5
HD 187085 b      ; 0.9; 1.0; 0.9; 20.1; 0.0;   0.0; 0.0;  0.0
HD 187123 b      ; 0.6; 1.0; 0.1;  2.6; 0.9;  53.5; 0.1;  3.4
HD 188015 b      ; 1.5; 1.1; 1.5; 28.5; 0.0;   0.0; 0.0;  0.0
HD 188753A b     ; 1.3; 1.1; 0.3;  4.7; 0.8;  43.5; 0.1;  3.3
HD 189733 b      ; 1.1; 1.1; 0.3;  6.0; 0.9; 915.6; 0.4; 32.3
HD 190228 b      ; 5.8; 1.1; 3.8; 71.7; 0.0;   0.0; 0.0;  0.0
HD 190360 b      ; 1.7; 1.1; 1.7; 32.5; 0.0;   0.0; 0.0;  0.0
HD 190360 c      ; 0.1; 0.6; 0.0;  2.0; 0.2;   0.6; 0.1;  1.3
HD 190360 c      ; 0.1; 0.6; 0.0;  0.2; 0.2;   1.1; 0.1;  2.6
HD 192263 b      ; 0.8; 1.0; 0.8; 18.7; 0.8;   0.1; 5.0;  0.7
HD 192263 b      ; 0.8; 1.0; 0.1;  2.4; 0.8;   0.3; 9.9;  1.4
HD 195019 b      ; 4.3; 1.1; 3.4; 57.3; 0.2;   0.2; 0.0;  0.7
HD 195019 b      ; 4.3; 1.1; 0.5;  8.6; 0.2;   0.5; 0.1;  1.3
HD 196050 b      ; 3.5; 1.1; 2.9; 51.3; 0.0;   0.0; 0.0;  0.0
HD 196885 b      ; 2.1; 1.1; 2.1; 36.7; 0.0;   0.0; 0.0;  0.0
HD 19994 b       ; 2.3; 1.1; 2.2; 38.8; 0.0;   0.0; 0.0;  0.0
HD 202206 b      ;20.1; 0.9; 5.5;167.4; 0.1;   0.0; 0.0;  0.0
HD 202206 c      ; 2.8; 1.1; 2.5; 44.7; 0.0;   0.0; 0.0;  0.0
HD 20367 b       ; 1.2; 1.1; 1.3; 25.6; 0.1;   0.0; 0.2;  0.0
HD 2039 b        ; 5.6; 1.1; 3.8; 70.5; 0.0;   0.0; 0.0;  0.0
HD 20782 b       ; 2.1; 1.1; 2.0; 36.5; 0.2;   0.3; 0.0;  0.4
HD 20782 b       ; 2.1; 1.1; 0.1;  1.0; 0.2;   1.1; 0.1;  1.3
HD 208487 b      ; 0.5; 1.0; 0.5; 13.4; 0.1;   0.0; 0.0;  0.0
HD 208487 b      ; 0.5; 1.0; 0.0;  0.7; 0.1;   0.0; 0.0;  0.1
HD 209458 b      ; 0.7; 1.4; 0.1;  0.6; 0.8; 152.4; 0.2;  9.8
HD 210277 b      ; 1.4; 1.1; 1.4; 28.2; 0.0;   0.0; 0.0;  0.0
HD 212301 b      ; 0.5; 1.0; 0.1;  2.6; 1.0;  79.2; 0.1;  3.8
HD 213240 b      ; 5.2; 1.1; 3.6; 66.9; 0.0;   0.0; 0.0;  0.0
HD 216435 b      ; 1.7; 1.1; 1.7; 32.1; 0.0;   0.0; 0.0;  0.0
HD 216437 b      ; 2.4; 1.1; 2.3; 40.5; 0.0;   0.0; 0.0;  0.0
HD 216770 b      ; 0.8; 1.0; 0.8; 17.9; 0.1;   0.0; 0.0;  0.1
HD 216770 b      ; 0.8; 1.0; 0.0;  1.0; 0.1;   0.0; 0.0;  0.1
HD 217107 b      ; 1.5; 1.1; 0.2;  3.1; 0.3;  13.9; 0.0;  2.6
HD 217107 c      ; 2.9; 1.1; 2.6; 45.6; 0.0;   0.0; 0.0;  0.0
HD 219449 b      ; 3.3; 1.1; 2.9; 49.4; 0.0;   0.0; 0.0;  0.0
HD 222582 b      ; 5.9; 1.1; 3.9; 72.9; 0.0;   0.0; 0.0;  0.0
HD 224693 b      ; 0.8; 1.0; 0.8; 17.7; 0.1;   0.0; 0.0;  0.0
HD 224693 b      ; 0.8; 1.0; 0.1;  2.2; 0.1;   0.0; 0.0;  0.0
HD 23079 b       ; 3.0; 1.1; 2.6; 46.6; 0.0;   0.0; 0.0;  0.0
HD 23596 b       ; 8.3; 1.0; 4.4; 91.5; 0.0;   0.0; 0.0;  0.0
HD 2638 b        ; 0.6; 1.0; 0.1;  2.4; 0.7;  31.9; 0.0;  2.4
HD 27442 b       ; 1.5; 1.1; 1.5; 28.7; 0.0;   0.0; 0.0;  0.0
HD 27894 b       ; 0.7; 1.0; 0.7; 16.7; 0.2;   0.1; 0.0;  0.3
HD 27894 b       ; 0.7; 1.0; 0.1;  2.5; 0.2;   0.2; 0.0;  0.5
HD 28185 b       ; 6.6; 1.1; 4.1; 78.2; 0.0;   0.0; 0.0;  0.0
HD 30177 b       ;10.6; 1.0; 4.8;108.0; 0.0;   0.0; 0.0;  0.0
HD 330075 b      ; 0.9; 1.1; 0.2;  3.6; 0.6;  38.9; 0.0;  2.8
HD 33283 b       ; 0.4; 0.9; 0.0;  0.6; 0.4;   0.6; 0.0;  0.3
HD 33564 b       ;10.5; 1.0; 4.8;106.9; 0.0;   0.0; 0.0;  0.0
HD 33636 b       ;10.7; 1.0; 4.8;108.9; 0.0;   0.0; 0.0;  0.0
HD 3651 b        ; 0.2; 0.8; 0.2;  8.0; 0.2;   3.1; 0.1;  3.9
HD 3651 b        ; 0.2; 0.8; 0.0;  0.6; 0.2;   7.4; 0.3;  9.4
HD 37124 b       ; 0.7; 1.0; 0.7; 17.2; 0.1;   0.0; 0.0;  0.0
HD 37124 c       ; 0.8; 1.0; 0.8; 19.1; 0.0;   0.0; 0.0;  0.0
HD 37124 d       ; 0.7; 1.0; 0.7; 17.4; 0.0;   0.0; 0.0;  0.0
HD 37605 b       ; 2.7; 1.1; 2.4; 42.5; 0.3;   1.0; 0.0;  0.5
HD 37605 b       ; 2.7; 1.1; 0.2;  3.7; 0.3;   2.4; 0.0;  1.1
HD 38529 b       ; 0.9; 1.1; 0.1;  1.3; 0.4;   2.2; 0.1;  1.2
HD 38529 c       ;14.7; 1.0; 5.2;134.7; 0.0;   0.0; 0.0;  0.0
HD 39091 b       ;12.0; 1.0; 4.9;117.2; 0.0;   0.0; 0.0;  0.0
HD 40979 b       ; 3.8; 1.1; 3.1; 54.5; 0.1;   0.0; 0.1;  0.0
HD 41004 A b     ; 2.7; 1.1; 2.4; 43.1; 0.1;   0.0; 0.0;  0.0
HD 41004 B b     ;21.2; 0.9; 2.3; 70.3; 1.0; 820.7; 0.0;  7.4
HD 4203 b        ; 1.9; 1.1; 1.9; 34.3; 0.0;   0.0; 0.0;  0.0
HD 4208 b        ; 0.9; 1.0; 0.9; 21.1; 0.0;   0.0; 0.0;  0.0
HD 4308 b        ; 0.1; 0.6; 0.0;  1.8; 0.2;   0.4; 0.0;  0.7
HD 4308 b        ; 0.1; 0.6; 0.0;  0.2; 0.2;   0.9; 0.1;  1.5
HD 45350 b       ; 2.1; 1.1; 2.0; 36.4; 0.0;   0.0; 0.0;  0.0
HD 46375 b       ; 0.3; 0.9; 0.0;  1.3; 0.9; 139.8; 0.1;  7.9
HD 47536 b       ; 5.7; 1.1; 3.8; 71.5; 0.0;   0.0; 0.0;  0.0
HD 49674 b       ; 0.1; 0.8; 0.0;  0.4; 1.3;  56.9; 0.4;  4.3
HD 50499 b       ; 2.0; 1.1; 1.9; 35.3; 0.0;   0.0; 0.0;  0.0
HD 50554 b       ; 5.7; 1.1; 3.8; 70.9; 0.0;   0.0; 0.0;  0.0
HD 52265 b       ; 1.3; 1.1; 1.3; 26.0; 0.1;   0.0; 0.0;  0.1
HD 59686 b       ; 6.1; 1.1; 3.9; 74.0; 0.0;   0.0; 0.0;  0.0
HD 62509 b       ; 3.3; 1.1; 2.9; 49.5; 0.0;   0.0; 0.0;  0.0
HD 63454 b       ; 0.4; 1.0; 0.1;  2.3; 0.7; 153.7; 0.1;  7.4
HD 6434 b        ; 0.6; 1.0; 0.5; 13.5; 0.1;   0.5; 0.0;  0.4
HD 6434 b        ; 0.6; 1.0; 0.1;  1.8; 0.1;   0.9; 0.0;  0.7
HD 65216 b       ; 1.4; 1.1; 1.4; 27.9; 0.0;   0.0; 0.0;  0.0
HD 66428 b       ; 3.3; 1.1; 2.8; 49.3; 0.0;   0.0; 0.0;  0.0
HD 68988 b       ; 2.2; 1.2; 0.3;  4.3; 0.8;   6.5; 0.1;  1.1
HD 69830 b       ; 0.0; 0.6; 0.0;  0.0; 0.3; 164.5; 1.0;198.6
HD 69830 c       ; 0.0; 0.5; 0.0;  2.0; 0.1;   0.1; 0.1;  0.9
HD 69830 c       ; 0.0; 0.5; 0.0;  0.2; 0.1;   0.2; 0.1;  2.1
HD 69830 d       ; 0.1; 0.6; 0.0;  4.0; 0.0;   0.0; 0.0;  0.1
HD 70642 b       ; 2.3; 1.1; 2.2; 39.3; 0.0;   0.0; 0.0;  0.0
HD 72659 b       ; 3.4; 1.1; 2.9; 51.0; 0.0;   0.0; 0.0;  0.0
HD 73256 b       ; 2.2; 1.2; 0.5;  8.2; 4.2; 152.1; 7.0;  7.0
HD 73526 b       ; 3.3; 1.1; 2.9; 49.8; 0.0;   0.0; 0.0;  0.0
HD 73526 c       ; 2.9; 1.1; 2.6; 45.2; 0.0;   0.0; 0.0;  0.0
HD 74156 b       ; 2.1; 1.1; 2.1; 36.5; 0.4;   0.1; 0.0;  0.1
HD 74156 b       ; 2.1; 1.1; 0.2;  3.3; 0.4;   0.2; 0.0;  0.3
HD 74156 c       ; 7.1; 1.1; 4.2; 82.8; 0.0;   0.0; 0.0;  0.0
HD 75289 b       ; 0.5; 1.0; 0.1;  2.0; 0.8; 123.8; 0.2;  8.9
HD 76700 b       ; 0.2; 0.9; 0.0;  0.9; 0.8;  32.1; 0.0;  2.1
HD 80606 b       ; 3.9; 1.1; 0.0;  0.8; 0.8; 148.0; 0.1;  6.7
HD 81040 b       ; 7.9; 1.1; 4.3; 88.8; 0.0;   0.0; 0.0;  0.0
HD 82943 b       ; 2.0; 1.1; 2.0; 35.6; 0.0;   0.0; 0.0;  0.0
HD 82943 c       ; 2.3; 1.1; 2.2; 38.9; 0.1;   0.0; 0.0;  0.0
HD 83443 b       ; 0.5; 1.0; 0.1;  2.4; 1.0;  63.1; 0.2;  3.9
HD 8574 b        ; 2.6; 1.1; 2.4; 41.8; 0.0;   0.0; 0.0;  0.0
HD 86081 b       ; 1.7; 1.2; 0.5;  7.7; 1.2;  16.9; 0.0;  1.0
HD 88133 b       ; 0.3; 0.9; 0.0;  0.9; 0.7;  17.1; 0.0;  1.6
HD 89307 b       ; 3.2; 1.1; 2.7; 48.2; 0.0;   0.0; 0.0;  0.0
HD 89744 b       ; 9.2; 1.0; 4.6; 97.7; 0.2;   0.0; 0.0;  0.0
HD 92788 b       ; 4.5; 1.1; 3.4; 60.3; 0.0;   0.0; 0.0;  0.0
HD 93083 b       ; 0.4; 0.9; 0.4; 12.4; 0.0;   0.0; 0.0;  0.0
HD 99109 b       ; 0.6; 1.0; 0.6; 15.3; 0.0;   0.0; 0.0;  0.0
HD 99492 b       ; 0.1; 0.7; 0.0;  0.3; 0.2;   5.8; 0.2;  4.6
HIP 14810 b      ; 4.4; 1.1; 0.4;  6.8; 0.5;   7.5; 0.0;  1.2
HIP 14810 c      ; 0.9; 1.0; 0.9; 19.8; 0.1;   0.0; 0.0;  0.0
HIP 14810 c      ; 0.9; 1.0; 0.1;  1.3; 0.1;   0.0; 0.0;  0.1
HIP 75458 b      ;10.2; 1.0; 4.7;105.0; 0.1;   0.0; 0.0;  0.0
HR 810 b         ; 2.2; 1.1; 2.1; 38.1; 0.1;   0.1; 0.3;  0.1
OGLE-TR-10 b     ; 0.6; 1.1; 0.1;  2.3; 1.0;   0.1; 0.0;  0.0
OGLE-TR-111 b    ; 0.5; 1.0; 0.1;  2.3; 0.5;   0.0; 0.0;  0.0
OGLE-TR-113 b    ; 1.3; 1.1; 0.5;  9.6; 1.4;   0.4; 0.0;  0.0
OGLE-TR-132 b    ; 1.2; 1.1; 0.4;  7.2; 8.3;   0.2; 0.0;  0.0
OGLE-TR-56 b     ; 1.2; 1.2; 0.6;  7.2; 3.7;   0.8; 0.0;  0.0
rho CrB b        ; 1.2; 1.1; 1.2; 24.3; 0.0;   0.0; 0.0;  0.5
rho CrB b        ; 1.2; 1.1; 0.1;  2.5; 0.0;   0.1; 0.0;  1.1
SWEEPS-04        ; 3.8; 0.8; 0.3; 14.1; 0.7;   0.0; 0.0;  0.0
SWEEPS-11        ; 9.7; 1.1; 1.7; 28.5; 1.5;   0.1; 0.0;  0.0
Tau Boo b        ; 4.5; 1.2; 0.7; 11.1; 1.8; 286.3; 3.1; 22.5
TrES-1           ; 0.7; 1.1; 0.2;  3.1; 1.5;  13.1; 0.0;  0.5
Ups And b        ; 0.8; 1.1; 0.1;  2.4; 0.7; 178.5; 0.9; 25.7
Ups And c        ; 2.3; 1.1; 2.2; 38.4; 0.0;   0.0; 0.0;  0.1
Ups And d        ; 4.6; 1.1; 3.4; 61.4; 0.0;   0.0; 0.0;  0.0
XO-1 b           ; 0.9; 1.2; 0.2;  2.4; 0.6;   2.0; 0.0;  0.2
